[1803.0001  9310.2       95.36001]
[1413.  8872.2   91.4]
[5301.  8865.    91.4]
[1371.       9282.601      76.880005]
[1341.   8865.     99.32]
[1110.6001   8850.601      76.880005]
[1353.   1843.8    99.32]
[714.60004 951.00006  86.12   ]
[12916.2      3155.4001     96.68001]
[1858.2001  9300.601     95.36001]
[1759.8     9311.4       96.68001]
[13091.4     3221.4001    99.32  ]
[14651.4   1877.4     99.32]
[12676.2      3262.2002     95.36001]
[ 699.   8836.2    83.48]
[ 462.6      8868.601      76.880005]
[1128.6001   9282.601      76.880005]
[1284.6001 8874.601    98.    ]
[1302.6001 9312.601    98.    ]
[827.4     945.00006  91.4    ]
[5248.2 9327.    84.8]
[12823.801   3257.4001    99.32  ]
[1032.6001 9323.4      99.32  ]
[1128.6001   8814.601      76.880005]
[9413.4  7408.2    99.32]
[1477.8  9309.     92.72]
[6983.4004 1781.4      90.08  ]
[8256.601    840.60004   76.76   ]
[ 481.80002 8832.601     95.36001]
[1799.4  9353.4    90.08]
[13242.601   3257.4001    90.08  ]
[1290.6001 8823.       86.12  ]
[1391.4      9353.4        68.840004]
[1063.8   8863.801   99.32 ]
[12970.2     3329.4001    99.32  ]
[1161.       8838.601      80.840004]
[5545.8003   347.40002   96.68001]
[1911.0001  9336.601     95.36001]
[ 696.60004  9300.601      76.880005]
[5145.       8886.601      76.880005]
[12971.4      3189.0002     95.36001]
[11041.801     311.40002    89.96001]
[1218.6001   9292.2        76.880005]
[ 444.6   8940.601   59.12 ]
[12882.601    3010.2002     95.36001]
[1229.4  8877.     95.24]
[13440.601      840.60004     68.119995]
[1854.6001 9348.601    98.    ]
[13818.601   3118.2002    94.04  ]
[8927.4    7083.0005   90.08  ]
[ 474.6     9288.601     88.76001]
[1770.6001  9271.801     88.76001]
[1750.2001 9354.601    86.12  ]
[1200.6001   9340.2        76.880005]
[1300.2001 1785.0001   95.24  ]
[16438.201     155.40001    84.8    ]
[1164.6001   8895.         76.880005]
[ 971.4   8827.801   63.56 ]
[12941.4     2896.2002    99.32  ]
[1900.2001 9279.       98.    ]
[8303.4     2813.4001    96.68001]
[ 669.    8940.601   58.4  ]
[ 971.4   9342.601   90.08 ]
[12797.4   3301.8     72.92]
[3161.4001   849.00006   60.32   ]
[ 468.6     9351.        88.76001]
[ 966.60004  8921.4        76.880005]
[4667.4004 9282.601    76.76  ]
[1452.6001 8842.2      67.64  ]
[5166.6      8827.801      54.440002]
[ 318.6    2807.4001   90.08  ]
[13931.4   2676.6     86.12]
[ 690.60004  9252.601      79.520004]
[1254.6001   9339.         76.880005]
[1439.4   8916.601   72.92 ]
[5316.6      8825.4        60.920002]
[11046.601     161.40001    99.32   ]
[8154.6     2706.6       88.76001]
[6528.6  2622.6    86.12]
[2574.6    2717.4001   82.04  ]
[8303.4      2695.8        78.200005]
[7320.6      2694.6        76.880005]
[13872.601     3144.6         76.880005]
[8776.2     7075.8003    96.68001]
[1601.4   9264.601   90.08 ]
[13260.601  3090.6      76.76 ]
[1344.6001 9400.2      67.64  ]
[ 492.6   8784.601   65.   ]
[ 665.4  9359.4    90.08]
[9323.4    5281.8003   82.04  ]
[4696.2  8865.     80.72]
[13030.2       3252.6         76.880005]
[7896.6  2694.6    76.76]
[2496.6     3191.4001    96.68001]
[16062.601   2735.4001    90.08  ]
[8136.6     2850.6       88.76001]
[1175.4  9293.4    87.44]
[1632.6001 9330.601    86.12  ]
[13776.601  2661.       83.48 ]
[1254.6001   8841.         76.880005]
[5191.8003   8874.601      63.680004]
[ 744.60004 1140.6001    91.4    ]
[8076.6      2694.6        76.880005]
[7734.6  2694.6    76.76]
[1519.8      9269.4        36.800003]
[ 528.60004 8808.601     91.4    ]
[2365.8    2806.2002   91.4   ]
[13038.601   2339.4001    90.08  ]
[2448.6     3202.2002    88.76001]
[7368.6  2694.6    76.76]
[7950.6  2694.6    76.76]
[13108.2       3352.2002      59.600002]
[8172.6 4452.6   91.4]
[14621.4   3127.8     87.44]
[7260.6  2694.6    76.76]
[ 712.2     8875.801     70.28001]
[16302.601  2640.6      67.64 ]
[8971.801 7080.6     99.32 ]
[11052.601      18.6        88.76001]
[9984.601 2586.6     86.12 ]
[15762.601  2658.6      86.12 ]
[8112.6 4458.6   86. ]
[7788.6  2694.6    76.76]
[7830.6  2694.6    76.76]
[8298.601    846.60004   74.     ]
[13018.2  3072.6    67.4]
[8914.2      7211.4004     59.480003]
[ 450.6      9390.601      58.880005]
[1938.6001 9291.       58.4   ]
[ 729.       9225.         55.040005]
[5224.2  9365.4    48.92]
[11033.4    354.6     90.08]
[13043.4   3468.6     87.32]
[ 600.60004 8922.601     86.12   ]
[6492.6  2658.6    86.12]
[12918.601   3305.4001    86.12  ]
[ 822.60004  9381.         76.880005]
[8736.601    2694.6        76.880005]
[8034.6  2694.6    76.76]
[14728.2     1884.6001    76.76  ]
[13030.2   3211.8     72.92]
[13913.4     2716.2002    63.56  ]
[11213.4       3149.4001      54.080006]
[ 588.60004 9354.601     95.36001]
[3496.2002 2375.4001   90.08  ]
[4278.6   9426.601   86.   ]
[9459.     7375.8003   84.8   ]
[7482.6  2694.6    76.76]
[12936.601   3459.0002    76.76  ]
[ 707.4      9342.601      74.240005]
[1810.2001   9257.4        74.240005]
[ 853.80005 1529.4       72.92   ]
[15952.2     2717.4001    72.8   ]
[1445.4     9334.2       70.28001]
[16158.601  2640.6      67.64 ]
[5983.8003 1642.2001   99.32  ]
[13410.601  6912.6      98.   ]
[14676.601  1913.4      98.   ]
[2579.4001  2982.6       96.68001]
[9970.2 2545.8   91.4]
[6168.6    2789.4001   90.08  ]
[11033.4    444.6     90.08]
[16140.601   2735.4001    90.08  ]
[2460.6  2910.6    86.12]
[6024.6    1902.6001   86.    ]
[ 546.60004  2730.6        76.880005]
[10030.2       2640.6         76.880005]
[7410.6  2694.6    76.76]
[14634.601    2172.6        76.64001]
[9204.601  2681.4001   72.92  ]
[6222.6    2759.4001   69.92  ]
[ 858.60004  1108.2001     67.520004]
[1356.6001   8908.2        64.880005]
[12231.        2645.4001      63.440002]
[ 706.2      8974.2        59.480003]
[1030.2001 9274.2      59.36  ]
[9480.601    7428.6        49.880005]
[11728.2  3114.6    98. ]
[14629.801    1912.2001     95.36001]
[ 594.60004 9251.4       91.4    ]
[ 809.4  8860.2    90.08]
[8646.601    2694.6        76.880005]
[5225.4004 3180.6      76.76  ]
[7638.6  2694.6    76.76]
[17094.602    2640.6        76.64001]
[15996.601   2735.4001    72.92  ]
[12960.601   2321.4001    72.8   ]
[16254.601  2640.6      67.64 ]
[4674.6      9231.         59.000004]
[4697.4004   9341.4        55.280003]
[12989.4     3149.4001    54.32  ]
[ 433.80002 8837.4       54.2    ]
[ 729.   8783.4    45.08]
[ 516.60004 9228.601     40.88   ]
[11262.601      166.20001     40.760002]
[ 672.60004 8867.4       96.68001]
[13234.2     3215.4001    94.04  ]
[ 880.2     1657.8       91.28001]
[ 918.60004 9324.601     88.76001]
[16428.602     201.00002    86.12   ]
[8196.601 2700.6     82.16 ]
[8357.4      2694.6        76.880005]
[7206.6  2694.6    76.76]
[14520.601    2946.6        76.64001]
[1259.4   9282.601   72.92 ]
[11092.2       161.40001    72.92   ]
[2429.4001  2789.4001    72.68001]
[3183.0002  977.4      70.04  ]
[9456.601 2676.6     67.64 ]
[13002.601     3492.6         64.880005]
[ 579.       8771.4        60.800003]
[13440.601      791.4         58.880005]
[5340.6       156.6        50.480003]
[5349.   8897.4    49.04]
[10344.601    2759.4001     96.68001]
[16182.601    2741.4001     96.68001]
[13011.001    2748.6        95.36001]
[2531.4001 2748.6      86.12  ]
[5545.8003  192.6      86.12  ]
[ 858.60004  8832.601      85.880005]
[9978.601  2357.4001   82.04  ]
[8154.6      2805.         79.520004]
[7590.6  2694.6    76.76]
[12684.601     3306.6         68.600006]
[1326.6001 1890.6001   59.12  ]
[8958.601    7212.6        59.000004]
[ 462.6      9210.601      41.120003]
[5214.6      8824.2        41.120003]
[8241.     6705.0005   99.32  ]
[11015.4       588.60004    99.32   ]
[1560.6001  2741.4001    96.68001]
[3982.2002  9426.601     95.36001]
[12887.4      3388.2002     95.36001]
[ 258.6    2825.4001   90.08  ]
[837.00006 993.00006  89.96001]
[10290.601    2753.4001     89.96001]
[4542.6     9432.601     88.76001]
[4686.6     4464.6       88.76001]
[ 975.00006 1513.8       84.8    ]
[4846.2      8705.4        84.560005]
[13110.601   2339.4001    81.92  ]
[13152.601   3221.4001    81.92  ]
[8688.601    2694.6        76.880005]
[11100.601   2920.2002    76.76  ]
[1110.6001  8957.4       76.64001]
[9240.601 7542.6     74.12 ]
[9162.601  2681.4001   72.8   ]
[8428.2  6528.6    67.28]
[12899.4   2863.8     66.32]
[5148.6      3186.6        52.640003]
[1506.6001   9373.801      49.880005]
[8004.6     4440.6       95.36001]
[11100.601    2866.2002     95.36001]
[6149.4004 1902.6001   94.04  ]
[15864.601   2669.4001    87.44  ]
[4534.2      8710.2        80.600006]
[7782.6    7067.4004   77.96  ]
[7680.6  2694.6    76.76]
[1236.6001   2244.6        76.520004]
[5578.2      323.40002   72.92   ]
[ 941.4  8885.4    66.08]
[1344.6001 9245.4      59.72  ]
[13049.4   3318.6     53.12]
[1101.       9361.801      51.440002]
[5273.4004   9286.2        44.840004]
[ 707.4      9408.601      40.760002]
[15804.601      108.600006    37.4     ]
[1734.6001 2741.4001   98.    ]
[10309.801   2795.4001    87.44  ]
[ 688.2   8670.601   86.12 ]
[8575.801 6402.6     86.12 ]
[13889.4  2679.     84.8]
[9300.601    2681.4001     72.560005]
[9120.601 2694.6     67.64 ]
[ 780.60004  1175.4        65.840004]
[8460.601    6499.8003     64.880005]
[5214.6   9300.601   50.24 ]
[5272.2      9359.4        46.280003]
[ 507.00003 8958.601     41.96   ]
[5140.2 8793.    37.4]
[12843.001  2988.6      98.   ]
[5952.6     1300.2001    95.36001]
[5952.6     1362.6001    95.36001]
[4829.4004 9420.601    92.72  ]
[3413.4001  2375.4001    91.28001]
[8724.601  7109.4004   90.08  ]
[1650.6001   3215.4001     76.880005]
[4668.6      8897.4        70.520004]
[9534.601 2676.6     67.64 ]
[9678.601    2676.6        67.520004]
[1921.8   9384.601   67.4  ]
[ 669.       2735.4001     63.440002]
[ 948.60004  9275.4        49.760002]
[9342.601    7422.6        46.760002]
[12882.601   3261.0002    41.24  ]
[14070.601   2717.4001    99.32  ]
[13152.601  3054.6      95.12 ]
[5579.4004  390.6      90.08  ]
[12851.4     3149.4001    90.08  ]
[8082.6     2813.4001    88.76001]
[4638.6  4476.6    86.12]
[5916.6  2640.6    86.12]
[9335.4 5322.6   84.8]
[14022.601   2735.4001    82.16  ]
[16547.4       195.00002    79.4    ]
[13847.4       2694.6         76.880005]
[11867.4       3280.2002      68.840004]
[5262.6      8850.601      55.760002]
[1385.4 8842.2   54.2]
[ 647.4      8748.601      36.920002]
[5244.6  9485.4    99.32]
[5622.6      161.40001   99.32   ]
[ 490.2   8682.601   98.   ]
[239.40001 919.80005  96.68001]
[8285.4     2856.6       96.68001]
[13723.801  2904.6      91.4  ]
[16386.602     161.40001    91.4    ]
[ 845.4    1036.2001   82.16  ]
[3976.2002 8711.4      81.92  ]
[1236.6001 8952.601    67.64  ]
[10068.601  2658.6      67.64 ]
[ 894.60004  1590.6001     67.520004]
[16572.602   1974.6001    67.16  ]
[11003.4       293.40002    60.32   ]
[11172.601    12.6      50.   ]
[16482.602      156.6         49.760002]
[5353.8003 8848.2      45.08  ]
[ 685.80005  9198.601      38.120003]
[ 912.60004  8940.601      31.880001]
[ 498.6  9485.4    99.32]
[11424.601  4410.6      98.   ]
[ 834.60004 8922.601     92.72   ]
[ 810.60004 9300.601     88.76001]
[16464.602       29.400002    87.32    ]
[12952.2     3131.4001    82.16  ]
[7122.6    2699.4001   81.92  ]
[11461.801  4428.6      79.4  ]
[1704.6001  3198.6       76.64001]
[13087.801     3469.8         75.200005]
[ 594.60004 9184.2       74.12   ]
[7986.6  2712.6    67.64]
[9384.601    7379.4004     63.440002]
[1321.8    1948.2001   59.12  ]
[7788.6      7019.4004     49.760002]
[5157.   8927.4    45.92]
[9461.4      7495.8003     45.800003]
[1476.6001   9268.2        43.880005]
[ 570.60004 8958.601     40.88   ]
[1038.6001   9372.601      40.760002]
[15078.601    2705.4001     96.68001]
[8788.2 7140.6   86. ]
[17184.602       30.6         85.880005]
[13030.2     3023.4001    81.92  ]
[9292.2      7524.6        79.520004]
[12900.601   2297.4001    77.96  ]
[ 185.40001 2856.6       76.76   ]
[9402.601    2682.6        74.240005]
[8112.6  2712.6    67.64]
[9066.601 2694.6     67.64 ]
[13060.2       2962.2002      55.760002]
[9178.2      7549.8003     54.800003]
[6438.6      2694.6        49.640003]
[1161.    9366.601   46.52 ]
[1421.4 8811.    45.2]
[6988.2      1641.0001     40.640003]
[8616.601 6456.6     32.36 ]
[5982.6    1588.2001   98.    ]
[8141.4004  4422.6       96.68001]
[9468.601 6402.6     88.64 ]
[5988.6    1740.6001   86.12  ]
[ 822.60004 8805.        86.     ]
[16410.602      30.6        85.76001]
[12893.4       3429.0002      79.520004]
[ 390.6    2801.4001   78.08  ]
[9417.  7492.2   67.4]
[2379.       3204.6        63.440002]
[16344.601   2645.4001    63.32  ]
[10668.601     2640.6         58.880005]
[ 437.40002 9257.4       51.56   ]
[ 857.4 1155.    51.2]
[10578.601  2610.6      99.32 ]
[9473.4     7583.4004    96.68001]
[16230.601    2747.4001     96.68001]
[17004.602  2640.6      95.12 ]
[5243.4004 2991.       87.44  ]
[5880.6      2658.6        76.520004]
[16355.4       1013.4         75.560005]
[803.4     912.60004  67.64   ]
[6975.0005 1825.8      45.92  ]
[1211.4      8799.         42.800003]
[1860.6001 9246.601    40.88  ]
[1588.2001 2190.6      32.72  ]
[5976.6      1426.2001     97.880005]
[3215.4001 1018.2      84.8   ]
[1223.4   9246.601   72.8  ]
[7536.6      2699.4001     72.560005]
[9246.601    2681.4001     72.560005]
[6627.0005 2363.4001   69.92  ]
[9355.801    2676.6        67.520004]
[11466.601     3257.4001      63.680004]
[3618.6      2345.4001     60.920002]
[16500.602       84.600006    49.880005]
[ 757.80005 9287.4       45.92   ]
[1165.8      9251.4        45.680004]
[8279.4      882.60004   45.2    ]
[17140.201   138.6      41.   ]
[1503.       8801.4        36.559998]
[ 737.4      8926.2        35.840004]
[ 726.60004 1045.8       98.     ]
[16978.201     173.40001    84.68001]
[ 239.40001  1002.60004    78.200005]
[10866.601    12.6      76.76 ]
[9211.801    6391.8003     69.560005]
[9606.601   2675.4001    68.96001]
[6672.6    2333.4001   66.92  ]
[1559.4     8874.601     65.96001]
[12772.2       3360.6         60.920002]
[8579.4      6149.4004     60.080006]
[ 264.6  2712.6    59.12]
[5203.8003   3060.6        52.880005]
[2333.4001 3216.6      50.12  ]
[6942.6  1787.4    50.12]
[ 409.80002  9403.801      45.680004]
[8274.601    804.60004   41.48   ]
[  57.000004 2027.4        41.24    ]
[ 921.00006  9381.         41.120003]
[16500.602     1865.4         40.760002]
[1349.4      9336.601      40.640003]
[ 921.00006  9245.4        39.800003]
[ 417.00003 8782.2       39.2    ]
[ 486.6      9411.         34.520004]
[10573.801    89.4      26.96 ]
[8482.2 6390.6   98. ]
[2039.4     9300.601     96.68001]
[3227.4001   973.80005   96.68001]
[8285.4     2902.2002    96.68001]
[13986.601    2711.4001     96.68001]
[5970.6     1506.6001    95.36001]
[11079.        355.80002    91.4    ]
[4530.6   9228.601   86.12 ]
[5610.6      876.60004   86.12   ]
[1804.2001 9461.4      86.    ]
[10986.601     143.40001    82.04   ]
[12322.2       2687.4001      78.200005]
[12972.601     3396.6         58.640003]
[696.60004 913.80005  50.12   ]
[14539.801     2985.          48.680004]
[ 742.2  8843.4    48.56]
[ 433.80002  9312.601      47.480003]
[14661.001   1572.6001    45.92  ]
[4297.8003 2706.6      39.2   ]
[1284.6001 8946.601    37.88  ]
[5299.8003   8909.4        35.840004]
[13764.601  2721.       32.36 ]
[12775.801   3405.0002    31.76  ]
[1722.6001   9437.4        30.800001]
[6953.4004 1956.6001   87.44  ]
[8599.801  6509.4004   84.8   ]
[1336.2001  1805.4       84.68001]
[8184.6     4583.4004    84.68001]
[13944.601     3156.6         79.520004]
[8309.4      2651.4001     75.560005]
[8154.6  4488.6    74.12]
[1596.6001   2250.6        73.880005]
[14591.4     3093.0002    70.04  ]
[9012.601 2694.6     67.64 ]
[17067.         149.40001     60.440002]
[12199.801     2712.6         59.600002]
[ 336.6  2712.6    59.12]
[11136.601     2947.8         59.000004]
[4704.6   8821.801   57.32 ]
[13283.4       3261.0002      54.080006]
[16896.602   138.6      50.12 ]
[4656.6  9359.4    45.92]
[1104.6001   9250.2        43.880005]
[ 996.60004 8868.601     41.     ]
[16482.602     1948.2001      40.760002]
[1809.0001   9395.4        36.920002]
[1464.6001   9387.         35.480003]
[5994.6    1686.6001   98.    ]
[8345.4     2813.4001    96.68001]
[5098.2    3279.0002   94.04  ]
[7962.6  4446.6    88.64]
[1848.6001 9183.       86.    ]
[1137.   8993.4    84.44]
[5952.6     1542.6001    76.64001]
[5538.6    1920.6001   76.4   ]
[5057.4004  3145.8       76.28001]
[7080.6      2694.6        67.520004]
[ 948.60004 1841.4       67.4    ]
[4343.4004   2698.2002     60.680004]
[12156.601  2730.6      59.24 ]
[10038.601     2586.6         49.760002]
[ 450.6      8758.2        46.640003]
[ 594.60004 9402.601     46.52   ]
[12954.601     3495.0002      32.480003]
[6024.6        95.4        31.520002]
[ 395.40002 9233.4       18.68   ]
[6852.6    4607.4004   99.32  ]
[14964.601   2699.4001    99.32  ]
[6125.4004  1614.6001    96.68001]
[10614.601    4577.4004     96.68001]
[5772.6       12.6       95.36001]
[15825.001   2783.4001    93.8   ]
[14820.601   2675.4001    84.8   ]
[10434.601   4559.4004    78.92  ]
[3540.6      2369.4001     78.200005]
[1632.6001 9375.       76.76  ]
[16960.201  2496.6      76.76 ]
[3084.6      948.60004   74.     ]
[16410.602     2639.4001      68.840004]
[9933.       2339.4001     64.880005]
[ 102.600006 7152.6        64.64    ]
[16014.601  2634.6      64.64 ]
[8832.601    2664.6        61.880005]
[ 138.6      2712.6        58.880005]
[16726.201     161.40001    54.2    ]
[12846.601     2291.4001      51.800003]
[16212.601  2640.6      50.12 ]
[2580.6      3258.6        43.880005]
[5512.2      293.40002   42.56   ]
[4540.2      4530.6        41.120003]
[3018.6  7140.6    40.88]
[4710.6      8922.601      40.760002]
[5218.2      8909.4        35.840004]
[7068.6      1956.6001     32.120003]
[4396.2    3280.2002   31.16  ]
[5280.6     4613.4004    96.68001]
[6125.4004 1812.6001   87.44  ]
[8022.6    4379.4004   86.    ]
[1120.2001   8742.601      85.880005]
[7944.6     2801.4001    84.68001]
[8034.6     2801.4001    84.68001]
[8189.4004 3730.2002   81.92  ]
[ 828.60004 9264.601     80.36   ]
[8172.6  2667.     71.36]
[2712.6      1962.6001     70.880005]
[12101.4   2676.6     69.92]
[ 966.60004 2711.4001    66.92   ]
[11178.601   127.8      66.32 ]
[15708.601     2657.4001      61.040005]
[14603.4   3000.6     59.36]
[ 995.4   8952.601   53.   ]
[13685.4   2640.6     49.52]
[11472.601     4470.6         46.640003]
[1308.6001 2699.4001   45.92  ]
[15312.601   2645.4001    44.96  ]
[9498.601 2658.6     40.88 ]
[15996.601       96.600006    40.280003]
[4309.8003   2778.6        36.559998]
[5994.6    1788.6001   98.    ]
[8274.601 4446.6     98.   ]
[1272.6001  9005.4       96.68001]
[5466.6     4613.4004    96.68001]
[6125.4004  1524.6001    96.68001]
[6143.4004  1776.6001    96.68001]
[10362.601    4577.4004     96.68001]
[10572.601    4577.4004     96.68001]
[ 678.60004 9491.4       93.92   ]
[6936.6     4464.6       88.76001]
[6996.6     4464.6       88.76001]
[2064.6    2075.4001   87.32  ]
[6125.4004 1859.4      87.32  ]
[11533.801   3293.4001    82.16  ]
[4469.4004 3156.6      74.    ]
[2621.4001  2993.4001    67.04001]
[5742.6        42.600002   64.64    ]
[1259.4      1787.4        54.080006]
[15456.601     2627.4001      54.080006]
[9154.2    7097.4004   52.16  ]
[12893.4       2903.4001      51.800003]
[11082.601     293.40002    51.56   ]
[1921.8      9244.2        50.480003]
[11776.2  3126.6    49.4]
[12000.601     2676.6         49.280003]
[ 580.2    2771.4001   46.04  ]
[9894.601    2321.4001     45.800003]
[1074.6001   8815.801      42.320004]
[6088.2      1938.6001     41.840004]
[16122.601  2622.6      40.88 ]
[4368.6      3144.6        40.760002]
[13908.601  2622.6      40.52 ]
[8225.4      2885.4001     36.559998]
[12971.4     3245.4001    32.96  ]
[ 894.60004  2676.6        32.120003]
[10398.601    85.8      32.   ]
[12640.2   3306.6     31.76]
[ 647.4      8976.601      31.520002]
[ 450.6  8980.2    28.28]
[ 647.4   9414.601   27.68 ]
[1749.0001 9202.2      23.24  ]
[1336.2001 2771.4001   99.32  ]
[6119.4004 1469.4      99.32  ]
[ 966.60004 8730.601     98.     ]
[5232.6 4464.6   98. ]
[15042.601  2538.6      98.   ]
[5340.6     4613.4004    96.68001]
[5550.6     4613.4004    96.68001]
[10824.601    4577.4004     96.68001]
[1542.6001 2220.6      91.4   ]
[12774.601   2345.4001    87.44  ]
[3090.6 1031.4   86. ]
[6113.4004  1416.6001    84.68001]
[6996.6     4601.4004    84.68001]
[8237.4    3406.2002   84.44  ]
[8261.4  3180.6    81.92]
[2748.6    2069.4001   81.8   ]
[8310.601  4577.4004   78.92  ]
[7188.6     4476.6       76.64001]
[14649.001  3012.6      74.12 ]
[13870.2     2807.4001    72.92  ]
[13002.601   2866.2002    64.64  ]
[1657.8      3096.6        62.000004]
[9060.601 7098.6     61.16 ]
[2730.6      2705.4001     60.920002]
[7991.4004   4482.6        53.840004]
[16140.601   1462.2001    50.    ]
[11424.601   3239.4001    45.92  ]
[16770.602     161.40001    45.92   ]
[ 474.6   8910.601   45.08 ]
[9732.601 2658.6     40.88 ]
[14052.601  3162.6      40.88 ]
[4360.2      2757.         32.480003]
[9390.601    5286.6        31.880001]
[6898.2      1948.2001     31.640001]
[4219.8003 4831.8003   27.56  ]
[ 755.4   9367.801   27.08 ]
[ 508.2  8734.2    23.48]
[5304.6 4464.6   98. ]
[5556.6 4464.6   98. ]
[16248.601    18.6      98.   ]
[5118.6     4613.4004    96.68001]
[8262.601   4595.4004    96.68001]
[9174.601   2795.4001    96.68001]
[3221.4001 1101.       91.16  ]
[7236.6     4464.6       88.76001]
[1389.       9180.601      88.520004]
[3108.6    1128.6001   86.    ]
[10416.601  4440.6      86.   ]
[5088.6      3066.6        85.880005]
[3269.4001  1380.6001    84.68001]
[1236.6001   9443.4        84.560005]
[9485.4  5352.6    82.04]
[3239.4001 1182.6001   81.8   ]
[5301.        53.4       72.68001]
[3576.6    2351.4001   70.16  ]
[17014.201      149.40001     60.920002]
[8256.601    6744.6        58.760002]
[13252.2       3179.4001      58.040005]
[2460.6    2735.4001   55.16  ]
[9323.4      6987.0005     54.680004]
[8760.601 2658.6     50.12 ]
[12976.2     3287.4001    49.16  ]
[13434.601     6954.6         46.640003]
[4935.     3275.4001   45.2   ]
[13752.601  3198.6      41.96 ]
[ 921.00006 8824.2       41.     ]
[12759.001   3231.0002    38.36  ]
[1492.2001   8935.801      36.559998]
[3167.4001  809.4      36.32  ]
[1227.    9390.601   32.36 ]
[ 519.       9186.601      28.880001]
[ 407.40002 8923.801     24.08   ]
[1056.6001 2610.6      98.    ]
[5622.6    1056.6001   98.    ]
[8082.6 3648.6   98. ]
[9582.601 4428.6     98.   ]
[12900.601  2754.6      98.   ]
[ 876.60004 2795.4001    96.68001]
[6816.6     2363.4001    96.68001]
[3096.6     1074.6001    88.76001]
[10578.601    4428.6        88.76001]
[5423.4004 8878.2      87.44  ]
[9210.601 6210.6     86.12 ]
[5394.6 4476.6   86. ]
[5682.6 4476.6   86. ]
[10650.601  4440.6      86.   ]
[16284.601     840.60004    86.     ]
[5682.6     4601.4004    84.68001]
[7368.6     2801.4001    84.68001]
[15330.601    2711.4001     84.68001]
[2694.6    2069.4001   81.8   ]
[14490.601    3071.4001     79.28001]
[5400.6    4595.4004   78.92  ]
[9786.601  2357.4001   77.96  ]
[2796.6    1956.6001   76.76  ]
[6119.4004   1722.6001     72.560005]
[8267.4    2957.4001   69.92  ]
[2578.2002   2760.6        68.600006]
[13800.601     3162.6         67.520004]
[10570.2       137.40001    66.68001]
[9370.2  7282.2    61.52]
[5002.2      3305.4001     57.800003]
[ 300.6  2694.6    40.88]
[3180.6       887.4        40.760002]
[ 469.80002  2807.4001     36.800003]
[ 532.2  8927.4    36.68]
[1403.4  8956.2    36.68]
[13836.601  2641.8      32.36 ]
[6258.6       101.4        31.640001]
[8118.6 3313.8   98. ]
[7986.6     2813.4001    96.68001]
[10662.601    4577.4004     96.68001]
[6113.4004 1317.       93.92  ]
[10506.601  4428.6      88.64 ]
[5514.6 4476.6   86. ]
[8370.601 4440.6     86.   ]
[13152.601  3096.6      80.72 ]
[8124.6 3486.6   74. ]
[16989.    3960.6     70.76]
[4866.6      3299.4001     60.800003]
[15960.601  2640.6      59.36 ]
[8201.4      6715.8003     57.800003]
[17200.201      143.40001     53.960003]
[1128.6001   2706.6        52.640003]
[9768.601 2676.6     50.24 ]
[8670.601    2658.6        49.880005]
[13397.4       852.60004    48.08   ]
[1104.6001 9318.601    46.4   ]
[15852.601   1290.6001    40.88  ]
[16056.601     2622.6         40.640003]
[1927.8  9429.     37.88]
[8196.601    2838.6        37.760002]
[1962.6001   9239.4        34.760002]
[ 683.4      8796.601      31.880001]
[ 642.60004  9246.601      31.520002]
[1353.       8806.2        31.400002]
[8225.4    2938.2002   27.08  ]
[11100.601       84.600006    23.36    ]
[6245.4004   2807.4001     18.920002]
[5958.6    1236.6001   98.    ]
[10272.601  4428.6      98.   ]
[8231.4     3594.6       96.68001]
[8670.601   2813.4001    96.68001]
[ 787.80005  2795.4001     96.560005]
[6107.4004 1210.2001   96.44  ]
[7068.6    4601.4004   94.04  ]
[10812.601  4434.6      91.4  ]
[2748.6     1944.6001    88.76001]
[5142.6  4464.6    88.64]
[8213.4      3658.2002     87.200005]
[8058.6    3982.2002   86.12  ]
[8130.6 3205.8   86. ]
[16392.602   381.       86.   ]
[1956.6001  2081.4001    84.68001]
[6792.6     4601.4004    84.68001]
[7224.6     4601.4004    84.68001]
[14772.601    2693.4001     84.68001]
[9438.601 6966.6     82.16 ]
[16326.601      651.          80.600006]
[2412.6      2951.4001     79.520004]
[3138.6    1248.6001   74.    ]
[10914.601   336.6      74.   ]
[13914.601   2813.4001    74.    ]
[2268.6      1962.6001     70.880005]
[1812.6001   2057.4001     69.560005]
[3162.6      1373.4        68.119995]
[1290.6001 2256.6      64.64  ]
[9256.2  5974.2    62.36]
[2526.6      3300.6        61.880005]
[8226.601  2669.4001   52.4   ]
[11100.601       12.6         49.880005]
[11933.4       2710.2002      46.880005]
[7710.6  7026.6    46.52]
[7176.6    2663.4001   45.56  ]
[12774.601   2279.4001    42.08  ]
[15024.601     2639.4001      41.840004]
[5249.4004   3269.4001     39.920002]
[ 511.80002  9442.2        37.760002]
[1077.       2717.4001     36.920002]
[1714.2001   9253.801      31.520002]
[1392.6001   9234.601      28.880001]
[ 730.2   8737.801   27.68 ]
[1943.4  9203.4    27.08]
[12234.601  2593.8      23.   ]
[13823.4     1638.6001    18.44  ]
[5561.4004  480.6      99.32  ]
[8267.4     3324.6       96.68001]
[9030.601   4595.4004    96.68001]
[6125.4004   1660.2001     96.560005]
[6040.2      161.40001   90.92   ]
[2586.6     1944.6001    88.76001]
[15102.601    2538.6        88.76001]
[8046.6    4072.2002   88.64  ]
[9120.601  2783.4001   84.8   ]
[2796.6     2081.4001    84.68001]
[7314.6     2801.4001    84.68001]
[8904.601    4583.4004     84.560005]
[5232.6    3329.4001   81.8   ]
[1770.6001 2075.4001   78.8   ]
[5988.6     1380.6001    76.64001]
[8214.601   4458.6       76.64001]
[14880.601    2550.6        76.64001]
[16445.4    671.4     75.44]
[7068.6 4470.6   74. ]
[9642.601 4452.6     74.   ]
[16368.601     508.2        73.64001]
[14682.601     2178.6         71.240005]
[6852.6  2226.6    67.28]
[10542.601     4541.4004      60.680004]
[10824.601       42.600002    55.760002]
[ 354.6    2825.4001   55.16  ]
[13422.601   7037.4004    45.92  ]
[14790.601     2633.4001      42.920002]
[15871.801   2729.4001    41.96  ]
[13468.2     6903.0005    41.36  ]
[8400.601    6592.2        41.120003]
[12891.001  3054.6      41.   ]
[13986.601  3162.6      40.88 ]
[4707.   9299.4    39.68]
[15731.4     1570.2001    36.68  ]
[1272.6001   1733.4        33.440002]
[16609.8        102.600006    32.36    ]
[750.60004  895.80005   31.040003]
[8569.801 6468.6     28.76 ]
[ 646.2      9189.         26.840002]
[5628.6       274.2        23.720001]
[8337.   1091.4    23.48]
[7050.6    1794.6001   23.    ]
[ 984.60004 9382.2       22.76   ]
[2406.6      2694.6        22.640001]
[1427.4  9023.4    99.32]
[10931.4      1308.6001     96.68001]
[5645.4004  1380.6001    95.36001]
[7374.6  2556.6    88.64]
[4505.4004 3175.8      87.44  ]
[2658.6     2099.4001    84.68001]
[5844.6    4595.4004   78.92  ]
[10920.601      30.6        76.64001]
[1216.2001 2137.8      75.8   ]
[13132.2     3501.0002    74.12  ]
[5754.6      4488.6        73.880005]
[5789.4004 3201.0002   70.04  ]
[13635.001     2699.4001      62.840004]
[3209.4001    930.60004    60.920002]
[5203.8003 3016.2002   56.72  ]
[11267.4         51.000004    54.680004]
[16950.602     2609.4001      53.960003]
[9094.2      2658.6        50.480003]
[12863.4     3334.2002    48.56  ]
[1608.6001 2747.4001   47.96  ]
[4638.6      9252.601      46.880005]
[ 270.6      1065.         46.760002]
[5568.6      281.40002   39.56   ]
[14970.601     2645.4001      36.920002]
[15102.601     2645.4001      36.920002]
[1337.4   8946.601   34.28 ]
[8076.6      4314.6        32.120003]
[768.60004 940.2      32.     ]
[9294.601    5952.6        31.520002]
[1158.6001   8943.         29.240002]
[ 405.00003 9359.4       26.96   ]
[16451.4    364.2     26.96]
[7133.4004 2129.4001   24.68  ]
[1002.60004 8796.601     23.     ]
[ 689.4      8739.         19.400002]
[ 763.80005 8963.4       19.16   ]
[1812.6001 1926.6001   98.    ]
[3168.6    1608.6001   98.    ]
[5958.6    1074.6001   88.64  ]
[10272.601   4577.4004    87.44  ]
[1956.6001 1938.6001   86.    ]
[2118.6     2081.4001    84.68001]
[10390.2       161.40001    81.8    ]
[ 378.6      1968.6001     80.600006]
[660.60004 167.40001  78.92   ]
[6089.4004 1092.6001   78.92  ]
[2094.6    1938.6001   76.76  ]
[16523.4       301.80002    72.8    ]
[16613.4         48.600002    72.68001 ]
[16367.4   2352.6     67.28]
[1254.6001 1932.6001   67.16  ]
[1902.6001 2063.4001   66.8   ]
[5097.       3138.6        64.880005]
[16033.801     2292.6         61.880005]
[16225.801   2315.4001    59.36  ]
[2543.4001   3162.6        56.960003]
[5869.8003     24.6        56.840004]
[16098.601     2753.4001      54.440002]
[8580.601 7098.6     53.12 ]
[13830.601   7031.4004    50.72  ]
[6141.       1949.4        49.280003]
[12947.4   2973.      48.92]
[13278.601   3215.4001    48.92  ]
[1002.60004 3354.6       47.24   ]
[2609.4001 6443.4004   44.96  ]
[8070.6      4488.6        43.640003]
[ 653.4      8903.4        42.320004]
[ 618.60004 2747.4001    42.08   ]
[1686.6001   9372.601      41.840004]
[11136.601     3162.6         40.640003]
[ 978.60004 9234.601     37.88   ]
[15810.601     1470.6001      37.760002]
[1301.4   9258.601   34.16 ]
[1230.6001 2201.4001   34.04  ]
[15790.2       1326.6001      32.480003]
[4332.6 2874.6   32. ]
[ 48.600002 418.2       31.76    ]
[1515.   9328.2    31.76]
[12977.4     3449.4001    30.56  ]
[4075.8      4975.8003     27.920002]
[1355.4  1925.4    27.08]
[12971.4       3064.2002      23.720001]
[3468.6 2214.6   98. ]
[8976.601 4428.6     98.   ]
[6113.4004 1361.4      94.04  ]
[1470.6001 2220.6      91.4   ]
[8896.2     4446.6       88.76001]
[2154.6    1926.6001   88.64  ]
[8112.6  2556.6    88.64]
[14826.601  2538.6      88.64 ]
[7296.6 4458.6   86. ]
[6258.6        30.6        85.880005]
[5133.       8993.4        84.560005]
[11147.4     1272.6001    78.92  ]
[11022.601     1326.6001      73.880005]
[8279.4 3055.8   72.8]
[1488.6001 2741.4001   69.8   ]
[6077.4004  1020.60004   66.8    ]
[11343.        3144.6         59.000004]
[10362.601     7085.4004      57.920002]
[2652.6    2692.2002   56.72  ]
[7986.6  2670.6    55.16]
[14615.4       2136.6         54.680004]
[16715.4         90.600006    52.880005]
[ 383.40002  1522.2001     51.680004]
[5424.6      149.40001   51.56   ]
[9786.601  2309.4001   50.96  ]
[6780.6  2694.6    50.24]
[8980.2      6657.0005     44.480003]
[4387.8003   3228.6        41.600002]
[ 598.2 8735.4   41. ]
[13072.2       3126.6         40.760002]
[13751.4       3154.2002      36.920002]
[15803.4   1273.8     36.08]
[3129.0002  874.2      34.28  ]
[14775.001     1889.4         33.800003]
[14735.4       1841.4         33.559998]
[13108.2     3431.4001    32.6   ]
[8076.6      4386.6        31.640001]
[3155.4001 1049.4      30.08  ]
[15781.801   2717.4001    27.08  ]
[5113.8003 8932.2      23.24  ]
[ 804.60004  1066.2001     22.880001]
[8212.2      6780.6        22.880001]
[13541.4       840.60004    96.68001]
[12918.601  2178.6      88.64 ]
[ 588.60004 8640.601     88.4    ]
[14191.801  2802.6      86.   ]
[5663.4004 1804.2001   84.44  ]
[7110.6  4458.6    76.76]
[9838.2  2388.6    75.44]
[16743.      3071.4001    75.08  ]
[15816.601    24.6      74.   ]
[16397.4       833.4        72.68001]
[ 864.60004  8952.601      70.880005]
[11717.4     2939.4001    69.92  ]
[ 732.60004  1194.6001     68.119995]
[8247.   3253.8    67.16]
[10776.601  4452.6      64.64 ]
[11166.601      167.40001     60.920002]
[17250.602      137.40001     60.080006]
[15816.601     2634.6         55.760002]
[16002.601       42.600002    55.640003]
[16530.602       52.2         55.280003]
[16145.4   1795.8     54.56]
[1324.2001   3222.6        53.960003]
[4320.6      8707.801      52.880005]
[7860.6      2664.6        52.640003]
[13722.601     2946.6         49.640003]
[16374.601  2616.6      47.12 ]
[16509.      3851.4001    45.92  ]
[6822.6      1954.2001     43.760002]
[13764.601     3109.8         41.840004]
[1678.2001 2735.4001   41.48  ]
[8202.601 3072.6     40.88 ]
[13296.601  3108.6      40.88 ]
[12893.4       2963.4001      39.920002]
[4319.4004   2830.2002     36.800003]
[1475.4   8898.601   35.96 ]
[9282.601  7411.8003   33.2   ]
[10758.601       12.6         31.880001]
[12720.601     3324.6         31.880001]
[15762.601   1462.2001    31.76  ]
[1962.6001   9373.801      27.320002]
[1110.6001 3347.4001   27.08  ]
[12823.801     3384.6         26.720001]
[13457.4       883.80005    24.08   ]
[12972.601  2829.       23.6  ]
[1273.8      2010.6001     22.880001]
[8243.4  3522.6    99.32]
[6240.6      185.40001   96.68001]
[8118.6    2890.2002   90.08  ]
[5898.6  4464.6    88.64]
[12810.601  2178.6      88.64 ]
[6113.4004  1254.6001    84.68001]
[11712.601    3269.4001     84.68001]
[2562.6    2087.4001   81.8   ]
[14934.601  2550.6      76.76 ]
[9750.601  2333.4001   75.44  ]
[7464.6 2220.6   74. ]
[13391.4       3198.6         72.200005]
[4547.4004 4619.4004   67.64  ]
[8189.4004   4045.8        63.920002]
[10362.601  4464.6      61.52 ]
[3245.4001   1318.2001     60.800003]
[16006.2       155.40001    57.56   ]
[1830.6001 3311.4001   55.16  ]
[10770.601      149.40001     51.680004]
[2092.2002 3317.4001   50.96  ]
[2364.6    2693.4001   48.92  ]
[1473.    8754.601   47.12 ]
[11303.4    151.8     45.32]
[3090.6      7151.4004     42.920002]
[13793.4       2910.6         42.920002]
[16860.602     1283.4         42.920002]
[2269.8      6805.8003     42.800003]
[678.60004 131.40001  42.68   ]
[ 832.2    1476.6001   41.48  ]
[7446.6 2676.6   41. ]
[11195.4   3108.6     36.32]
[5244.6      9401.4        33.800003]
[2596.2002   3036.6        32.480003]
[1241.4    1696.2001   32.36  ]
[8190.6    3316.2002   32.24  ]
[8202.601  3028.2002   32.24  ]
[1416.6001   9274.2        31.880001]
[8485.801    6450.6        29.720001]
[1746.6001   9396.601      28.880001]
[13091.4   3301.8     28.16]
[1392.6001 9395.4      27.56  ]
[11039.4        269.40002     27.440002]
[12959.4       3019.8         27.320002]
[12064.2   2730.6     22.76]
[12342.601  2604.6      13.88 ]
[ 750.60004  9174.601      13.280001]
[5573.4004   552.60004   95.36001]
[15096.601  2172.6      86.   ]
[9534.601    2783.4001     84.560005]
[7296.6    4589.4004   81.8   ]
[9516.601  4589.4004   81.8   ]
[3162.6  1509.     76.76]
[5334.6       30.6       76.64001]
[9642.601 2562.6     74.   ]
[1866.6001   1932.6001     73.880005]
[8356.2    4589.4004   72.92  ]
[1488.6001 2610.6      70.76  ]
[ 606.60004 2399.4001    69.92   ]
[5555.4004   714.60004   66.8    ]
[16008.601     1891.8         64.880005]
[6888.6  4470.6    64.76]
[5106.6  4488.6    64.64]
[8724.601    7067.4004     60.080006]
[15276.601     2580.6         55.880005]
[12774.601     3473.4001      54.800003]
[5322.6      4500.6        52.640003]
[5784.6      1380.6001     52.640003]
[10307.4     2327.4001    51.56  ]
[ 138.6    2902.2002   49.52  ]
[15388.2  2598.6    46.4]
[13775.4       3046.2002      43.280003]
[2466.6  3144.6    43.16]
[5513.4004    498.6        42.800003]
[11082.601       48.600002    41.120003]
[ 405.00003 8868.601     41.     ]
[2532.6  3018.6    40.52]
[1524.6001 2682.6      37.88  ]
[ 107.4  7110.6    37.52]
[15821.4       1398.6001      36.920002]
[ 498.6      2357.4001     36.559998]
[12186.601  2619.       35.96 ]
[1854.6001 9389.4      34.4   ]
[9840.601    2658.6        32.840004]
[8994.601 7230.6     32.72 ]
[15600.601  2604.6      32.   ]
[ 641.4   8803.801   31.16 ]
[5190.6   8790.601   29.12 ]
[1692.6001 9300.601    28.76  ]
[16344.601   814.2      28.04 ]
[12988.2     3105.0002    27.68  ]
[7368.6    2735.4001   27.56  ]
[9492.601  2717.4001   27.08  ]
[ 454.2   8802.601   26.   ]
[5339.4004   8789.4        24.920002]
[13054.2       2921.4001      24.440002]
[1056.6001 2676.6      22.76  ]
[ 768.60004  9408.601      22.160002]
[5094.6  3186.6    20.36]
[1300.2001 2598.6      93.92  ]
[17076.602       36.600002    88.76001 ]
[2388.6    1944.6001   88.64  ]
[14538.601     6912.6         88.520004]
[8094.6  3594.6    86.12]
[5520.6    1812.6001   86.    ]
[14638.2       1740.6001      85.880005]
[10249.801    2921.4001     84.68001]
[2381.4001 2087.4001   81.8   ]
[8832.601  2807.4001   81.8   ]
[10588.2        179.40001     81.560005]
[14970.601  2532.6      76.76 ]
[5964.6    1182.6001   74.    ]
[9462.601  2777.4001   69.8   ]
[4703.4004   3299.4001     69.560005]
[15006.601  2562.6      64.64 ]
[3126.6  1185.     59.24]
[13895.4   3108.6     59.24]
[3732.6    2393.4001   53.36  ]
[2021.4  7056.6    47.12]
[16164.601  1335.       47.12 ]
[1757.4  3072.6    41.36]
[16236.601       66.600006    40.88    ]
[15797.4       1524.6001      40.280003]
[12118.2     2753.4001    37.04  ]
[16468.201   300.6      36.68 ]
[4433.4004 3186.6      35.    ]
[2520.6 3253.8   34.4]
[16489.8       202.20001    33.68   ]
[9732.601  2711.4001   33.08  ]
[3155.4001 5909.4004   32.72  ]
[8130.6      3882.6        31.400002]
[12743.4     3274.2002    27.2   ]
[9534.601  2717.4001   27.08  ]
[16260.601   2681.4001    27.08  ]
[13019.4     2974.2002    24.2   ]
[1109.4   8905.801   23.48 ]
[ 534.60004 9408.601     23.     ]
[13044.601   3365.4001    23.    ]
[1255.8      2676.6        22.880001]
[15340.2       2604.6         22.880001]
[5800.2        48.600002   22.76    ]
[1092.6001   9402.601      22.640001]
[16356.601      768.60004     22.400002]
[8208.601    2791.8        19.760002]
[10573.801  3229.8      19.04 ]
[ 507.00003 9371.4       14.6    ]
[9666.601  4589.4004   81.8   ]
[8248.2    6845.4004   78.8   ]
[9228.601 2562.6     74.   ]
[5994.6      1326.6001     71.240005]
[5994.6    1542.6001   71.    ]
[5424.6       354.6        65.119995]
[14736.601     2556.6         61.880005]
[11727.        3156.6         56.000004]
[2688.6      2711.4001     51.440002]
[13247.4     3299.4001    48.2   ]
[6828.6 2094.6   46.4]
[9252.601  5405.4004   44.    ]
[15870.601     2610.6         43.880005]
[15773.4     1632.6001    41.96  ]
[17176.201  2118.6      40.88 ]
[15774.601   1390.2001    37.88  ]
[15965.4       1806.6001      37.760002]
[14538.601     7037.4004      36.559998]
[2509.8  2892.6    36.32]
[3125.4001    826.2        35.120003]
[ 222.6    1092.6001   34.88  ]
[12829.801   3430.2002    34.04  ]
[15396.601   2657.4001    33.08  ]
[2052.6 7086.6   32. ]
[5412.6        30.6        31.880001]
[12900.601     2823.          31.880001]
[108.600006 677.4       28.16    ]
[7302.6    2735.4001   27.08  ]
[9618.601  2717.4001   27.08  ]
[16194.601   2681.4001    27.08  ]
[12317.4       2643.          24.920002]
[8184.6 2899.8   23.6]
[8823.     7067.4004   23.48  ]
[4638.6   8856.601   22.76 ]
[14106.601     3162.6         22.640001]
[2010.6001 7104.6      13.64  ]
[1674.6001 3054.6      87.44  ]
[2154.6 3180.6   86. ]
[9354.601    2339.4001     72.560005]
[7086.6      2556.6        70.880005]
[16356.601    18.6      70.76 ]
[5808.6      167.40001   69.92   ]
[16914.602      642.60004     67.520004]
[16521.        2898.6         63.440002]
[13098.601     2196.6         61.880005]
[724.2       48.600002  58.880005]
[ 449.40002  1829.4        55.040005]
[11231.4       2820.6         54.680004]
[8267.4  3000.6    51.32]
[ 930.60004 1797.0001    49.04   ]
[2262.6  3174.6    47.12]
[15780.601  2610.6      44.24 ]
[14988.601  7014.6      41.36 ]
[15750.601     1524.6001      38.120003]
[15006.601     2699.4001      36.920002]
[9390.601    7534.2        35.120003]
[15510.601  2616.6      34.88 ]
[3966.6   9486.601   34.4  ]
[8923.801  7037.4004   32.6   ]
[13818.601   2776.2002    32.6   ]
[ 425.40002  9186.601      29.720001]
[8676.601 6018.6     28.52 ]
[ 948.60004 8793.        27.56   ]
[5255.4004   8785.801      27.440002]
[2574.6      3299.4001     27.320002]
[1465.8  8967.     27.08]
[4597.8003 4455.       26.6   ]
[9137.4 7546.2   23.6]
[1038.6001 9233.4      23.    ]
[15097.801  2604.6      23.   ]
[1488.6001 1993.8      22.52  ]
[8238.601    894.60004   22.52   ]
[6474.6  2622.6    22.28]
[5086.2        96.600006   20.      ]
[14493.001   3005.4001    18.08  ]
[9966.601 4434.6     91.4  ]
[2778.6      179.40001   90.32   ]
[8375.4      858.60004   87.44   ]
[8106.6    3406.2002   83.24  ]
[4746.6      4482.6        79.520004]
[11046.601     750.60004    76.76   ]
[12954.601   101.4      75.8  ]
[1110.6001   2598.6        73.880005]
[1254.6001   2771.4001     72.560005]
[1188.6001   2088.6        61.880005]
[9786.601    2214.6        61.640003]
[12713.4     3401.4001    55.4   ]
[5633.4004   1740.6001     55.040005]
[5651.4004   1920.6001     54.800003]
[7266.6    2807.4001   54.56  ]
[10578.601       48.600002    49.880005]
[5262.6  4506.6    47.12]
[5142.6    3275.4001   45.56  ]
[13093.801   3514.2002    44.24  ]
[7290.6      2664.6        43.760002]
[13056.601   2872.2002    43.16  ]
[14502.601     2687.4001      42.920002]
[2651.4001   3072.6        41.600002]
[5574.6   228.6    40.88]
[5790.6      1542.6001     40.760002]
[2621.4001   3100.2002     39.800003]
[2629.8    3280.2002   39.08  ]
[ 453.00003  2754.6        38.120003]
[5831.4004 1344.6001   35.96  ]
[4449.     3243.0002   31.28  ]
[16068.601   2675.4001    30.68  ]
[3022.2002   6046.2        30.320002]
[ 924.60004  2723.4001     29.960001]
[ 766.2      8802.601      28.640001]
[ 318.6      2753.4001     27.800001]
[7098.6    2735.4001   27.56  ]
[197.40001  994.2       27.440002]
[15258.601     2663.4001      27.440002]
[ 840.60004 2735.4001    27.08   ]
[11142.601       84.600006    23.960001]
[3144.6  994.2   23. ]
[6060.6    1758.6001   22.76  ]
[2496.6      3117.0002     22.160002]
[2436.6    2843.4001   19.04  ]
[13486.2     2591.4001    18.32  ]
[2398.2002   2861.4001     17.720001]
[12864.601  3469.8      14.6  ]
[11514.601      102.600006    13.88    ]
[11514.601  4476.6      13.88 ]
[2262.6    2081.4001   66.8   ]
[6000.6    1938.6001   65.    ]
[3281.4001   1461.         60.680004]
[4836.6      9462.601      59.600002]
[8772.601  2807.4001   54.56  ]
[4878.6   9426.601   53.72 ]
[6996.6  2664.6    53.36]
[15772.2     2759.4001    50.96  ]
[13704.601     3036.6         49.880005]
[16176.601     2316.6         49.880005]
[13853.4       2974.2002      49.640003]
[9102.601    7080.6        47.480003]
[10632.601  2616.6      47.24 ]
[12226.2  2331.     46.4]
[8225.4      3486.6        45.800003]
[3127.8       756.60004    44.480003]
[6654.6      2664.6        43.880005]
[8148.6      4559.4004     42.920002]
[8490.601    2676.6        41.600002]
[10246.2   2730.6     41.48]
[11261.4   3180.6     41.24]
[17226.602  2622.6      41.   ]
[13687.801   2992.2002    40.16  ]
[2823.     2729.4001   39.68  ]
[11776.2     3233.4001    39.2   ]
[8495.4      6523.8003     35.840004]
[14763.001     1935.0001      35.840004]
[167.40001  912.60004   33.440002]
[ 750.60004  9327.         32.840004]
[2790.6    2675.4001   32.72  ]
[15834.601   1354.2001    32.24  ]
[2865.       2652.6        28.880001]
[5118.6      3222.6        28.880001]
[8099.4004 4170.6      27.56  ]
[ 120.600006 2753.4001     27.320002]
[16143.001     2681.4001      27.320002]
[1302.6001 9354.601    26.12  ]
[14567.4       2181.          24.440002]
[174.6  958.2   23.84]
[ 912.60004  1535.4        22.880001]
[8201.4      3244.2002     21.920002]
[ 761.4   8880.601   20.84 ]
[1938.6001 3347.4001   18.44  ]
[12892.2     2357.4001    17.84  ]
[2874.6    2010.6001   14.    ]
[8328.601 1967.4     13.88 ]
[15402.601   2771.4001    81.8   ]
[10398.601       18.6         80.240005]
[1049.4    1756.2001   69.92  ]
[5363.4004   9300.601      63.920002]
[ 750.60004  2813.4001     60.440002]
[5441.4004   8824.2        59.960003]
[6023.4004     30.6        58.880005]
[5448.6       652.2        58.760002]
[9078.601  6903.0005   56.36  ]
[7914.6      2580.6        55.880005]
[9183.       7631.4004     53.840004]
[5454.6       588.60004    52.880005]
[8064.6      3828.6        52.880005]
[11070.601      678.60004     52.880005]
[8733.       2801.4001     48.800003]
[16445.4        606.60004     48.680004]
[16137.001     1905.0001      47.480003]
[6071.4004   1230.6001     42.920002]
[7344.6  2658.6    40.88]
[15761.4     1704.6001    40.04  ]
[9363.     7471.8003   38.36  ]
[9426.601    2646.6        38.120003]
[16332.601      713.4         37.760002]
[ 168.6      7062.6        35.120003]
[9300.601  6059.4004   33.2   ]
[13404.601      811.80005     30.920002]
[1236.6001 2717.4001   27.56  ]
[16567.8         67.8         27.320002]
[14844.601   2627.4001    27.2   ]
[16392.602   2681.4001    26.96  ]
[1074.6001 9280.2      23.84  ]
[6060.6      1822.2001     22.880001]
[16671.     121.8     22.52]
[16289.4       1074.6001      18.920002]
[5250.6 9251.4   18.8]
[2784.6   107.4    18.08]
[11231.4       137.40001    18.08   ]
[ 540.60004 9262.2       16.52   ]
[2543.4001   2811.         14.960001]
[ 408.6  2856.6    13.88]
[15826.2       185.40001    69.32   ]
[5544.6    1866.6001   62.36  ]
[10518.601     4577.4004      60.920002]
[16885.8     3101.4001    60.32  ]
[10878.601      570.60004     55.880005]
[16350.601      561.          55.280003]
[16338.601     2753.4001      54.920002]
[5130.6      3072.6        52.880005]
[5649.       1968.6001     52.280003]
[9486.601  2309.4001   51.56  ]
[11508.601   3245.4001    51.56  ]
[17058.602     2622.6         49.880005]
[17202.602     2568.6         49.280003]
[5484.6 4506.6   47. ]
[5568.6 4506.6   47. ]
[2573.4001 2857.8      46.04  ]
[14658.601   2663.4001    45.56  ]
[5148.6      9324.601      43.880005]
[8256.601    4482.6        43.760002]
[7032.6      4577.4004     42.920002]
[2579.4001 3216.6      42.68  ]
[5747.4004 1110.6001   42.68  ]
[1734.6001 2622.6      40.88  ]
[8814.601  7229.4004   40.4   ]
[4409.4004   2745.         36.440002]
[4602.6      4518.6        35.120003]
[ 959.4 1465.8   34.4]
[4332.6  2928.6    32.24]
[12712.2   3234.6     31.28]
[15696.601   1704.6001    29.12  ]
[11518.2       4422.6         28.400002]
[4355.4004 3090.6      28.04  ]
[8891.4      7062.6        27.800001]
[13823.4       3054.6         27.800001]
[1979.4   9282.601   27.56 ]
[7230.6    2735.4001   27.08  ]
[14565.001  2136.6      23.48 ]
[13152.601  3144.6      23.24 ]
[7842.6 7044.6   23. ]
[8243.4      2820.6        18.920002]
[15934.2     2771.4001    18.2   ]
[13024.2     3129.0002    17.    ]
[13864.2     2747.4001    14.6   ]
[9642.601 2622.6     13.88 ]
[9066.601 2190.6     76.76 ]
[5442.6       696.60004    73.520004]
[11034.601   1074.6001    70.76  ]
[17094.602     1182.6001      67.880005]
[16813.8   3859.8     63.32]
[9066.601    2813.4001     60.800003]
[16182.601  1245.       56.24 ]
[10007.4       2413.8         54.680004]
[16380.601      425.40002     52.880005]
[8028.6 4162.2   52.4]
[16272.601   886.2      52.16 ]
[1380.6001 9455.4      51.92  ]
[8195.4  3876.6    51.32]
[4421.4004   3027.         48.800003]
[1608.6001   2616.6        46.640003]
[8681.4      6083.4004     45.800003]
[8082.6 3774.6   44. ]
[12918.601       18.6         43.880005]
[9131.4  6286.2    43.16]
[16421.4        791.4         42.920002]
[6107.4004   1570.2001     42.800003]
[3881.4001   5249.4004     39.800003]
[10938.601     7062.6         37.640003]
[1794.6001   2735.4001     36.920002]
[8135.4004   4331.4004     36.920002]
[ 269.40002  1110.6001     36.440002]
[15983.4       1767.0001      36.440002]
[8856.601 7018.2     35.96 ]
[13038.601     3522.6         35.120003]
[15279.001     3276.6         34.760002]
[15714.601     1661.4         34.760002]
[4212.6    2333.4001   33.32  ]
[1067.4      8940.601      31.880001]
[16374.601     2568.6         31.880001]
[8608.2      6072.6        31.520002]
[6702.6      2723.4001     29.960001]
[15918.601     2669.4001      29.960001]
[3149.4001    930.60004    27.320002]
[15204.601     2663.4001      27.320002]
[9042.601 7062.6     26.12 ]
[5297.4004 9324.601    24.68  ]
[11200.2         48.600002    22.76    ]
[4710.6      8778.601      22.640001]
[13422.601  3108.6      22.52 ]
[10037.4       2538.6         21.320002]
[9491.4    5453.4004   19.04  ]
[10223.4       2782.2002      18.920002]
[14815.801  1889.4      18.08 ]
[9268.2      6021.         17.720001]
[12810.601   2321.4001    17.6   ]
[  66.600006 7122.6        14.      ]
[12820.2     3064.2002    14.    ]
[ 606.60004 8994.601     13.88   ]
[1560.6001 2111.4001   13.88  ]
[8526.601 6474.6     13.88 ]
[1102.2001  9047.4       84.68001]
[11147.4     1392.6001    69.8   ]
[9876.601    4589.4004     63.680004]
[4314.6      2393.4001     62.840004]
[4758.6      3174.6        55.760002]
[143.40001  523.80005   54.440002]
[6708.6    2795.4001   51.56  ]
[7770.6    2813.4001   51.56  ]
[7866.6    2813.4001   51.56  ]
[8195.4      3936.6        51.440002]
[2658.6    1956.6001   50.    ]
[15181.801     3216.6         49.640003]
[3966.6      8669.4        48.680004]
[17238.602       42.600002    47.12    ]
[4290.6 3054.6   47. ]
[10884.601   2692.2002    47.    ]
[2172.6      2051.4001     45.680004]
[6828.6 2664.6   44. ]
[16619.4       2430.6         43.760002]
[8304.601 4482.6     43.52 ]
[16279.801     3672.6         43.280003]
[5.1834004e+03 3.0000000e+00 4.1360001e+01]
[2028.6001 1974.6001   40.88  ]
[5771.4004   1326.6001     39.440002]
[10818.601   1362.6001    37.88  ]
[10620.601     4470.6         37.760002]
[16176.601     2562.6         37.760002]
[ 426.6      2688.6        35.120003]
[10560.601  4464.6      34.88 ]
[6492.6      7115.4004     33.440002]
[9317.4    5197.8003   32.96  ]
[1542.6001   2640.6        31.880001]
[10074.601  2700.6      29.6  ]
[1434.6001   2706.6        29.240002]
[8172.6      3424.2002     27.800001]
[7127.4004   2082.6        27.320002]
[8663.4    6479.4004   27.08  ]
[10626.601     2681.4001      26.720001]
[ 815.4    1138.2001   25.04  ]
[1397.4      8909.4        23.960001]
[13308.601   3179.4001    23.84  ]
[8094.6    4090.2002   23.12  ]
[13764.601   2776.2002    23.12  ]
[11309.4    30.6    23. ]
[8130.6      3756.6        22.640001]
[1515.       8874.601      22.160002]
[3792.6    2339.4001   18.68  ]
[16798.201   2501.4001    18.2   ]
[ 775.80005 9233.4       17.84   ]
[1164.6001 8796.601    14.    ]
[1326.6001 1998.6001   13.88  ]
[5051.4004 3216.6      13.88  ]
[1.6284601e+04 9.8460004e+02 1.3880000e+01]
[8976.601  7167.0005   13.52  ]
[12927.001  3252.6      13.52 ]